1 1 1 1 1 1 1 1 1 1 1 1 1 1 1 1 1 1 1 1 1 1 1 1 1 1 1 1 1 1 1 1 1 1 1 1 1 1 1 1
1 6 6 6 6 6 6 6 6 6 6 10 0 0 0 0 0 0 0 0 0 0 9 6 6 6 6 6 6 6 6 10 0 0 0 2 0 9 6 1
1 6 6 6 6 6 6 6 6 6 6 10 0 6 6 6 6 6 6 6 6 0 9 6 6 6 6 6 6 6 10 0 2 2 0 0 0 13 9 1
1 6 6 6 6 6 6 6 6 6 6 10 0 0 0 0 0 0 0 0 0 0 9 6 6 6 6 6 6 10 0 0 0 0 0 0 0 7 6 1 
1 6 6 6 6 6 6 6 6 6 6 6 7 7 7 10 0 0 9 7 7 7 6 6 6 6 6 6 6 6 7 0 0 0 2 0 7 6 6 1 
1 6 6 6 6 6 6 6 6 6 6 6 6 6 6 10 0 0 9 6 6 6 6 6 6 6 6 6 6 6 6 7 0 0 7 7 6 6 6 1
1 6 6 6 6 6 6 6 6 6 6 6 6 6 6 10 0 0 9 6 6 6 6 6 6 6 6 6 6 6 6 6 7 7 6 6 6 6 6 1   
1 6 8 6 8 6 6 6 6 6 6 6 6 6 6 10 0 0 9 6 6 6 6 6 6 6 6 6 6 6 6 6 6 6 6 6 6 6 6 1
1 10 5 8 5 9 6 6 6 6 6 8 8 8 8 8 0 0 8 8 8 8 8 8 8 8 8 8 8 8 8 8 8 8 6 6 6 6 6 1 
1 10 0 0 0 0 9 6 6 6 10 0 4 4 4 4 0 0 0 15 16 16 16 16 15 11 2 2 0 0 0 0 5 13 9 6 6 6 6 1 
1 10 0 3 3 0 9 6 6 6 10 0 4 5 5 4 0 0 0 15 0 5 5 0 15 0 0 2 0 5 0 2 0 0 9 6 6 6 6 1 
1 10 0 3 3 0 9 6 6 6 10 0 4 4 4 4 0 0 0 15 0 0 0 0 15 5 0 0 2 0 0 0 0 5 9 6 6 6 6 1
1 0 0 0 0 0 9 6 6 6 10 0 0 0 0 0 0 0 0 15 14 14 0 14 15 0 2 0 0 0 2 0 5 0 0 0 5 6 6 1 
1 7 0 13 7 7 6 6 6 6 10 0 4 4 0 0 0 0 0 15 0 0 0 5 15 0 5 0 2 0 2 0 0 0 7 7 4 6 6 1
1 6 7 7 6 6 6 6 6 6 10 0 4 4 0 0 0 0 0 15 0 2 2 2 15 0 0 0 0 0 0 0 5 5 9 6 7 6 6 1  
1 6 6 6 6 6 6 6 6 6 10 0 0 0 2 0 2 0 0 15 0 0 0 0 15 0 0 0 0 0 5 0 0 0 9 6 6 6 6 1
1 6 6 6 6 6 6 6 6 6 10 0 0 0 2 2 0 0 0 15 2 2 2 0 15 0 5 5 0 3 3 3 3 0 9 6 6 6 6 1 
1 6 6 6 6 6 6 6 6 6 10 0 11 0 0 0 0 0 0 15 0 0 0 0 15 0 5 5 0 3 3 3 3 0 9 6 6 6 6 1
1 6 6 6 6 6 6 8 8 8 10 0 0 0 0 0 0 0 0 15 0 2 2 2 15 0 0 0 0 3 3 3 3 0 9 6 6 6 6 1 
1 6 6 6 6 6 10 0 0 5 0 0 0 0 0 0 0 0 0 15 0 0 0 0 15 0 0 0 0 0 0 0 0 0 9 6 6 6 6 1
1 6 6 6 6 6 10 0 0 5 0 0 0 0 2 2 0 0 0 15 2 2 2 0 15 3 3 3 2 2 2 2 0 0 9 6 6 6 6 1 
1 6 6 6 6 6 10 0 5 5 0 0 0 0 0 0 0 0 0 0 0 0 2 0 3 3 3 3 3 0 0 0 0 0 9 6 6 6 6 1 
1 6 6 6 6 10 0 0 5 0 0 0 0 0 0 0 0 0 0 2 2 0 0 0 3 3 0 3 2 0 0 5 5 0 9 6 6 6 6 1 
1 6 6 6 6 10 0 5 5 0 0 0 0 0 0 0 0 0 0 0 0 0 2 0 3 3 0 3 2 0 0 5 5 0 9 6 6 6 6 1 
1 6 6 6 6 10 0 0 0 0 0 0 0 0 2 0 0 0 0 2 0 2 0 0 3 3 3 3 3 0 0 0 5 0 9 6 6 6 6 1 
1 6 6 6 6 10 0 0 0 0 0 0 0 0 0 0 0 0 0 0 2 0 0 2 3 3 3 2 2 0 0 0 5 0 9 6 6 6 6 1 
1 6 6 6 6 10 0 2 2 0 0 0 0 0 0 2 2 0 0 0 2 0 2 0 3 3 2 2 0 0 0 0 0 0 9 6 6 6 6 1 
1 6 6 6 6 6 10 0 0 2 0 0 0 0 0 12 2 0 0 0 0 0 0 0 4 0 0 0 0 5 0 0 0 0 9 6 6 6 6 1 
1 6 6 6 6 6 10 0 0 0 0 0 0 0 0 2 2 0 0 0 4 4 4 0 4 0 0 2 0 0 0 0 0 0 9 6 6 6 6 1  
1 6 6 6 6 6 10 0 0 0 0 0 0 0 0 0 0 0 0 0 0 0 4 0 0 2 0 0 0 0 4 0 0 0 9 6 6 6 6 1 
1 6 6 6 6 6 6 7 7 7 0 0 5 5 5 5 0 0 0 0 5 0 4 0 0 4 5 0 0 0 4 0 0 0 9 6 6 6 6 1 
1 6 6 6 6 6 6 6 6 10 0 0 5 0 0 5 0 0 0 0 0 0 4 0 0 4 0 0 0 4 4 0 0 0 9 6 6 6 6 1 
1 6 6 6 6 6 6 6 6 10 0 0 4 0 0 4 0 0 0 0 0 0 0 0 0 0 0 0 0 2 2 0 0 0 9 6 6 6 6 1 
1 6 6 6 6 6 6 6 6 6 7 0 0 0 6 6 6 6 6 6 0 0 0 7 7 7 7 7 7 7 0 0 0 6 6 0 0 9 6 1 
1 6 6 6 6 6 6 6 6 6 6 7 0 0 2 0 0 0 2 0 0 0 7 6 6 6 6 6 6 6 2 2 2 0 0 0 0 9 6 1 
1 6 6 6 6 6 6 6 6 6 6 6 7 0 0 0 5 5 0 0 0 7 6 6 6 6 6 6 6 6 4 3 3 0 5 5 0 9 6 1 
1 6 6 6 6 6 6 6 6 6 6 6 6 7 7 0 0 0 0 0 0 7 6 6 6 6 6 6 6 6 0 13 3 3 13 0 0 0 9 6 1 
1 6 6 6 6 6 6 6 6 6 6 6 6 6 6 0 0 0 0 7 7 6 6 6 6 6 6 6 6 6 7 7 7 7 7 7 7 6 6 1
1 6 6 6 6 6 6 6 6 6 6 6 6 6 6 7 7 7 7 6 6 6 6 6 6 6 6 6 6 6 6 6 6 6 6 6 6 6 6 1
1 1 1 1 1 1 1 1 1 1 1 1 1 1 1 1 1 1 1 1 1 1 1 1 1 1 1 1 1 1 1 1 1 1 1 1 1 1 1 1